11
1
2
7 24 16 4 0 -1
7 24 16 2 0 2
tilted_haar_y2
8.882313e-003 0 -1
-3.689065e-001 6.455427e-001 
1
2
25 0 2 21 0 -1
25 0 1 21 0 2
tilted_haar_y2
5.363470e-003 0 -1
-1.663829e-001 7.438211e-001 
1
2
25 15 16 5 0 -1
25 15 8 5 0 2
tilted_haar_x2
-1.220377e-003 0 -1
2.542841e-001 -8.470727e-001 
1
2
25 3 2 21 0 -1
25 3 1 21 0 2
tilted_haar_y2
-3.554701e-003 0 -1
7.336680e-001 -2.173052e-001 
1
2
25 0 16 3 0 -1
24 1 16 1 0 3
tilted_haar_y3
-2.801707e-003 0 -1
8.089715e-001 -2.493520e-001 
1
2
34 20 5 16 0 -1
34 28 5 8 0 2
haar_y2
-6.179194e-005 0 -1
3.993747e-001 -4.464174e-001 
1
2
12 16 6 12 0 -1
14 20 2 4 0 9
haar_point
2.275427e-004 0 -1
-5.363015e-001 3.020583e-001 
1
2
19 35 12 9 0 -1
19 38 12 3 0 3
haar_y3
4.125482e-004 0 -1
-6.147492e-001 2.731456e-001 
1
2
5 3 39 26 0 -1
5 16 39 13 0 2
haar_y2
-1.786247e-001 0 -1
6.618382e-001 -2.794472e-001 
1
2
25 3 2 21 0 -1
25 3 1 21 0 2
tilted_haar_y2
-6.453483e-003 0 -1
7.495418e-001 -8.334275e-002 
1
2
25 3 21 2 0 -1
25 3 21 1 0 2
tilted_haar_y2
-3.976375e-003 0 -1
7.268973e-001 -2.344584e-001 
-1.216124e+000

2
-1
