15
1
2
12 26 6 12 0 -1
14 30 2 4 0 9
haar_point
5.860174e-004 0 -1
-5.715153e-001 3.497092e-001 
1
2
30 20 12 9 0 -1
34 23 4 3 0 9
haar_point
5.848784e-004 0 -1
-6.680672e-001 2.391884e-001 
1
2
8 20 12 9 0 -1
12 23 4 3 0 9
haar_point
1.371709e-004 0 -1
-7.977507e-001 2.382116e-001 
1
2
26 34 9 6 0 -1
29 36 3 2 0 9
haar_point
4.047289e-004 0 -1
-4.970587e-001 2.357115e-001 
1
2
22 26 9 1 0 -1
25 29 3 1 0 3
tilted_haar_x3
4.088755e-006 0 -1
-6.665421e-001 3.339157e-001 
1
2
26 34 9 6 0 -1
29 36 3 2 0 9
haar_point
-9.457304e-003 0 -1
6.117700e-001 -2.314331e-001 
1
2
15 34 9 6 0 -1
18 36 3 2 0 9
haar_point
3.399624e-005 0 -1
-5.894192e-001 4.666320e-001 
1
2
31 13 2 20 0 -1
26 18 2 10 0 2
tilted_haar_x4
-6.620442e-004 0 -1
2.013211e-001 -6.023771e-001 
1
2
12 18 12 12 0 -1
16 22 4 4 0 9
haar_point
9.766270e-004 0 -1
-5.938153e-001 4.658796e-001 
1
2
30 14 6 9 0 -1
32 17 2 3 0 9
haar_point
4.412949e-004 0 -1
-5.710298e-001 3.411465e-001 
1
2
14 13 12 9 0 -1
18 16 4 3 0 9
haar_point
7.783733e-004 0 -1
-7.158214e-001 5.105724e-001 
1
2
26 12 14 11 0 -1
26 12 7 11 0 2
tilted_haar_y2
-8.275697e-005 0 -1
3.110249e-001 -8.289700e-001 
1
2
24 12 12 14 0 -1
24 12 12 7 0 2
tilted_haar_y2
-6.947550e-006 0 -1
3.050151e-001 -8.650904e-001 
1
2
21 8 9 9 0 -1
24 11 3 3 0 9
haar_point
4.597610e-006 0 -1
-5.256795e-001 2.700915e-001 
1
2
25 2 14 3 0 -1
24 3 14 1 0 3
tilted_haar_y3
1.750603e-003 0 -1
-4.729930e-001 6.810024e-001 
-1.932359e+000

4
-1
