12
1
2
11 23 19 6 0 -1
9 25 19 2 0 3
tilted_haar_y3
1.112612e-002 0 -1
-3.162356e-001 6.797404e-001 
1
2
20 21 12 18 0 -1
20 30 12 9 0 2
haar_y2
1.505555e-004 0 -1
-5.862051e-001 2.065323e-001 
1
2
10 25 3 10 0 -1
10 30 3 5 0 2
haar_y2
-4.781442e-006 0 -1
2.266322e-001 -7.635037e-001 
1
2
29 3 11 6 0 -1
27 5 11 2 0 3
tilted_haar_x3
-1.555345e-002 0 -1
8.939182e-001 -1.827746e-001 
1
2
12 14 9 9 0 -1
15 17 3 3 0 9
haar_point
1.794038e-004 0 -1
-5.290311e-001 3.819787e-001 
1
2
25 2 2 22 0 -1
25 2 1 22 0 2
tilted_haar_y2
-6.195313e-003 0 -1
7.956682e-001 -1.417806e-001 
1
2
19 3 9 13 0 -1
22 6 3 13 0 3
tilted_haar_x3
-1.653516e-002 0 -1
7.050831e-001 -2.880982e-001 
1
2
39 27 1 4 0 -1
39 27 1 2 0 2
tilted_haar_x2
-3.499928e-004 0 -1
-6.781161e-001 1.555268e-001 
1
2
25 2 22 2 0 -1
25 2 22 1 0 2
tilted_haar_y2
-5.367306e-003 0 -1
7.444410e-001 -2.488762e-001 
1
2
35 24 3 2 0 -1
36 25 1 2 0 3
tilted_haar_y3
-7.231031e-005 0 -1
-5.165833e-001 1.919036e-001 
1
2
17 23 15 9 0 -1
22 26 5 3 0 9
haar_point
4.714729e-003 0 -1
-4.031700e-001 4.475928e-001 
1
2
12 9 27 27 0 -1
21 18 9 9 0 9
haar_point
-8.741918e-002 0 -1
2.743396e-001 -4.959673e-001 
-1.055032e+000

3
-1
