6
1
2
11 20 28 6 0 -1
18 20 14 6 0 2
haar_x4
-8.233499e-003 0 -1
6.791238e-001 -8.353217e-001 
1
2
13 39 24 2 0 -1
21 39 8 2 0 3
haar_x3
2.121658e-003 0 -1
-5.928171e-001 5.322399e-001 
1
2
23 17 16 2 0 -1
23 17 8 2 0 2
tilted_haar_x2
-2.364389e-004 0 -1
3.455541e-001 -7.441356e-001 
1
2
30 19 12 13 0 -1
33 19 6 13 0 2
haar_x4
4.752746e-003 0 -1
-3.935328e-001 4.536509e-001 
1
2
20 3 8 13 0 -1
22 5 4 13 0 2
tilted_haar_x4
-8.296046e-003 0 -1
7.403569e-001 -3.020703e-001 
1
2
34 25 2 6 0 -1
34 27 2 2 0 3
haar_y3
-1.535587e-004 0 -1
-6.495231e-001 2.229393e-001 
-1.555248e+000

-1
-1
