17
1
2
12 15 6 9 0 -1
14 18 2 3 0 9
haar_point
7.584570e-006 0 -1
-6.290605e-001 3.736277e-001 
1
2
33 23 6 12 0 -1
35 27 2 4 0 9
haar_point
2.218093e-005 0 -1
-7.993294e-001 2.839523e-001 
1
2
20 18 9 26 0 -1
20 31 9 13 0 2
haar_y2
1.664302e-003 0 -1
-9.007044e-001 2.050727e-001 
1
2
2 15 46 34 0 -1
2 32 46 17 0 2
haar_y2
-6.976874e-002 0 -1
4.089399e-001 -7.145914e-001 
1
2
11 23 6 12 0 -1
13 27 2 4 0 9
haar_point
1.701358e-005 0 -1
-7.474528e-001 2.692457e-001 
1
2
31 14 1 20 0 -1
26 19 1 10 0 2
tilted_haar_x4
-5.281522e-004 0 -1
1.177791e-001 -5.713341e-001 
1
2
23 17 10 9 0 -1
20 20 10 3 0 3
tilted_haar_y3
3.134327e-004 0 -1
-4.937194e-001 4.792834e-001 
1
2
11 23 28 3 0 -1
18 23 14 3 0 2
haar_x4
-2.534882e-004 0 -1
1.838237e-001 -9.615941e-001 
1
2
19 2 18 9 0 -1
25 8 6 9 0 3
tilted_haar_x3
5.226906e-002 0 -1
-3.394032e-001 8.016649e-001 
1
2
29 20 9 12 0 -1
32 24 3 4 0 9
haar_point
1.011842e-005 0 -1
-5.880055e-001 2.546503e-001 
1
2
25 14 10 14 0 -1
25 14 10 7 0 2
tilted_haar_y2
-8.515424e-005 0 -1
2.488513e-001 -8.881996e-001 
1
2
9 0 34 48 0 -1
9 12 34 24 0 2
haar_y4
-1.539856e-001 0 -1
7.026545e-001 -4.334018e-001 
1
2
22 0 27 2 0 -1
22 0 27 1 0 2
tilted_haar_y2
-5.302803e-003 0 -1
7.819303e-001 -2.942943e-001 
1
2
25 36 1 8 0 -1
23 38 1 4 0 2
tilted_haar_x4
1.334104e-003 0 -1
-4.535610e-002 3.534329e-001 
1
2
12 20 9 12 0 -1
15 24 3 4 0 9
haar_point
2.452397e-004 0 -1
-6.313617e-001 3.103825e-001 
1
2
29 11 9 15 0 -1
32 14 3 15 0 3
tilted_haar_y3
4.402539e-004 0 -1
-4.270453e-001 5.409864e-001 
1
2
21 11 15 9 0 -1
18 14 15 3 0 3
tilted_haar_y3
2.167551e-004 0 -1
-5.792476e-001 6.638751e-001 
-1.086731e+000

5
-1
