9
1
2
19 29 12 15 0 -1
23 29 4 15 0 3
haar_x3
6.376944e-003 0 -1
-4.577082e-001 6.003464e-001 
1
2
32 22 9 12 0 -1
35 26 3 4 0 9
haar_point
5.633327e-004 0 -1
-6.177222e-001 3.155444e-001 
1
2
8 21 12 12 0 -1
12 25 4 4 0 9
haar_point
1.840367e-003 0 -1
-7.092307e-001 3.216021e-001 
1
2
33 7 7 6 0 -1
31 9 7 2 0 3
tilted_haar_x3
-9.262532e-003 0 -1
7.569231e-001 -1.529053e-001 
1
2
12 7 8 12 0 -1
14 9 4 12 0 2
tilted_haar_x4
-6.997996e-003 0 -1
6.299897e-001 -3.254590e-001 
1
2
24 18 4 6 0 -1
24 20 4 2 0 3
haar_y3
-2.498261e-003 0 -1
7.549089e-001 -1.646598e-001 
1
2
12 0 18 9 0 -1
12 0 9 9 0 2
tilted_haar_x2
9.640883e-002 0 -1
-2.108057e-001 7.714875e-001 
1
2
25 3 3 19 0 -1
26 4 1 19 0 3
tilted_haar_y3
4.063109e-003 0 -1
-7.969600e-002 8.012590e-001 
1
2
25 35 8 4 0 -1
27 37 4 4 0 2
tilted_haar_x4
1.042778e-003 0 -1
-5.527254e-001 4.055894e-001 
-1.355353e+000

1
-1
