6
1
2
9 27 17 4 0 -1
9 27 17 2 0 2
tilted_haar_y2
1.768333e-002 0 -1
-2.449995e-001 7.376801e-001 
1
2
35 22 1 6 0 -1
35 25 1 3 0 2
haar_y2
1.131544e-004 0 -1
3.407596e-001 -5.977962e-001 
1
2
11 21 3 2 0 -1
11 21 3 1 0 2
tilted_haar_y2
-1.917229e-004 0 -1
-8.087960e-001 1.963055e-001 
1
2
21 18 8 28 0 -1
23 18 4 28 0 2
haar_x4
1.020785e-003 0 -1
-4.396407e-001 3.380293e-001 
1
2
14 28 21 6 0 -1
14 31 21 3 0 2
haar_y2
-2.700801e-003 0 -1
-8.362374e-001 2.048618e-001 
1
2
35 11 6 5 0 -1
35 11 3 5 0 2
tilted_haar_y2
-3.374048e-003 0 -1
-4.909490e-001 7.924997e-002 
-8.020192e-001

7
-1
