6
1
2
13 19 24 6 0 -1
19 19 12 6 0 2
haar_x4
-8.143201e-003 0 -1
5.396314e-001 -7.690188e-001 
1
2
29 17 12 18 0 -1
32 17 6 18 0 2
haar_x4
8.450819e-003 0 -1
-3.869440e-001 5.470303e-001 
1
2
14 9 6 9 0 -1
16 11 2 9 0 3
tilted_haar_x3
-6.763149e-003 0 -1
8.118231e-001 -3.112498e-001 
1
2
15 12 20 30 0 -1
15 27 20 15 0 2
haar_y2
-2.650319e-002 0 -1
-8.925843e-001 3.268709e-001 
1
2
3 9 14 27 0 -1
10 9 7 27 0 2
haar_x2
3.589784e-002 0 -1
-3.220182e-001 8.296718e-001 
1
2
21 8 9 20 0 -1
21 18 9 10 0 2
haar_y2
-5.093505e-003 0 -1
3.540536e-001 -5.645733e-001 
-1.160724e+000

0
-1
